20
15
0 41 0 0 0 0 0 0 0 0 0 0 0 0 0 0 0 0 0 0 
0 0 0 0 0 0 0 0 0 0 0 0 0 0 0 0 0 0 0 0 
0 0 0 0 0 0 0 0 0 0 0 0 0 0 0 1 0 0 0 0 
0 0 0 0 0 0 0 0 0 0 0 0 0 0 0 1 0 0 0 0 
0 0 0 0 0 0 0 0 1 1 1 1 1 19 19 1 1 0 0 0 
0 0 0 0 1 1 0 0 1 1 1 1 1 1 19 19 1 0 41 0 
0 0 0 0 0 1 1 1 1 1 1 1 1 1 19 19 1 0 0 0 
0 0 0 0 0 1 1 1 1 1 1 1 1 1 19 19 19 1 0 41 
0 0 0 1 1 1 1 1 1 1 1 1 1 1 1 1 1 1 0 0 
0 0 0 1 1 1 1 1 1 1 1 1 1 6 19 19 0 0 0 0 
0 0 0 11 11 11 11 1 1 1 11 11 1 0 0 0 0 0 0 0 
24 24 24 11 11 11 11 11 11 11 1 1 1 11 11 41 0 0 0 0 
0 0 24 24 24 24 24 24 24 24 24 24 24 24 24 0 0 0 0 0 
0 0 0 0 0 0 0 0 0 0 0 0 0 0 0 0 0 0 0 0 
0 0 0 0 0 0 0 0 0 0 0 0 0 0 0 0 0 0 0 0 
